16.0
7.0
11.5
13.5
13.0
8.5
10.5
12.5
8.5
9.5
9.5
10.0
7.0
7.5
6.5
7.0
7.5
8.0
7.5
8.5
8.5
12.0
8.0
5.0
6.5
6.5
7.0
10.5
9.0
14.0
7.5
7.0
9.0
8.5
5.5
5.5
8.0
8.0
8.0
7.0
7.5
8.5
6.0
7.5
10.0
6.0
7.5
6.0
5.5
7.5
5.0
6.5
8.0
7.5
7.5
6.5
7.5
9.5
6.5
9.5
7.0
9.0
8.5
10.0
9.0
8.0
8.0
8.0
5.0
8.0
8.5
6.5
10.0
10.5
9.0
9.0
8.5
8.5
9.0
8.0
8.0
8.5
8.5
8.0
9.5
7.0
8.5
9.0
8.0
11.0
6.5
12.0
7.0
8.5
7.0
10.0
12.0
7.5
16.0
9.5
7.5
11.0
8.0
6.0
7.5
6.0
4.0
8.0
8.0
5.0
12.5
7.5
8.0
6.5
7.0
6.5
7.0
6.0
7.0
9.5
7.0
6.5
7.0
6.5
9.0
11.5
13.0
12.5
9.0
12.5
9.5
10.0
8.5
8.5
8.0
13.5
7.5
7.5
15.5
10.5
11.0
8.0
9.5
10.5
10.5
9.0
11.0
10.5
9.5
8.5
10.0
12.5
15.0
6.0
9.0
8.5
8.0
9.5
10.0
11.0
9.5
6.0
7.5
8.5
7.0
7.5
9.0
8.0
13.0
11.0
10.0
7.0
10.0
10.0
8.5
11.0
7.5
9.0
9.0
8.0
7.5
8.5
7.5
8.5
6.0
7.5
7.0
10.0
7.0
6.0
7.0
11.5
6.0
8.5
6.5
7.5
6.5
8.0
6.0
6.0
6.0
5.5
5.5
9.5
9.0
6.0
6.5
9.0
5.5
11.0
8.5
11.5
8.0
9.0
8.0
13.0
6.5
8.5
11.5
11.0
10.0
11.5
11.0
11.5
9.0
10.5
7.0
10.0
9.5
13.0
11.5
10.0
12.0
9.5
9.0
7.5
7.0
6.5
8.5
8.0
8.5
9.0
6.5
10.5
9.5
8.5
8.0
7.0
11.0
9.0
10.0
10.5
11.5
8.5
8.5
6.5
8.5
11.5
8.0
8.0
9.5
8.5
7.0
9.0
6.5
7.5
7.0
7.0
8.0
7.5
9.0
8.5
8.0
7.5
10.0
7.5
7.5
8.0
7.5
9.0
10.5
9.0
7.0
6.5
7.0
6.0
6.5
6.5
8.0
6.5
7.5
7.5
9.5
6.5
6.5
7.5
8.0
5.5
9.5
9.5
7.5
8.5
6.5
8.5
9.0
8.5
11.0
10.0
8.5
11.5
7.0
9.0
8.0
8.0
10.0
9.0
9.5
10.0
7.5
6.5
7.0
9.0
10.5
9.0
9.5
9.0
8.0
10.0
10.0
8.0
5.5
10.5
11.0
11.0
9.5
12.5
9.0
7.0
9.0
7.5
7.5
8.5
7.5
8.5
9.0
8.5
8.5
7.5
7.5
9.0
8.0
9.0
8.0
7.0
9.0
8.5
7.5
8.0
8.0
6.0
6.5
9.0
7.5
8.5
6.5
8.0
6.0
7.5
7.0
9.0
7.0
6.0
5.5
7.0
9.0
6.5
7.0
7.5
6.5
7.5
7.0
6.0
5.5
7.0
8.5
5.5
6.5
7.0
8.0
7.5
8.0
8.0
9.0
9.5
8.0
7.0
8.5
12.5
6.5
8.5
11.0
7.0
8.5
9.0
7.5
6.5
8.5
7.5
10.5
9.0
7.0
6.5
10.5
13.0
8.0
7.0
7.5
8.0
7.5
6.5
7.5
6.5
8.5
8.0
6.0
9.0
8.0
9.0
9.5
7.5
10.0
11.5
9.0
8.0
7.0
10.5
7.0
6.0
10.0
7.0
6.0
11.0
8.5
13.0
8.5
10.5
7.0
6.5
8.5
8.0
7.5
6.5
7.5
5.0
6.5
8.0
10.0
6.0
7.5
6.0
8.0
7.0
6.5
8.5
10.5
15.5
12.5
12.5
16.0
8.5
9.0
10.0
11.5
11.0
9.5
8.0
9.0
6.5
11.0
7.5
8.0
12.0
8.5
8.5
10.0
8.0
10.5
8.0
8.5
11.5
7.0
12.0
8.0
10.0
11.0
9.5
8.0
8.0
8.5
7.0
10.0
9.0
10.0
12.5
9.5
8.0
8.0
8.0
7.0
8.5
7.0
7.5
10.5
8.0
9.0
9.0
7.5
8.0
11.0
7.5
9.5
9.0
6.5
11.0
6.5
8.5
8.0
9.0
7.0
10.0
6.5
7.0
10.0
6.5
8.5
9.5
8.5
8.5
7.0
10.0
8.0
7.5
7.5
10.0
10.0
6.0
8.0
9.5
9.0
8.5
11.0
8.0
14.0
8.5
10.0
8.0
9.0
6.0
6.0
12.5
7.0
9.5
8.5
7.5
7.5
7.0
8.0
6.0
7.0
7.5
5.0
14.0
8.5
7.0
11.5
9.5
8.0
6.5
9.0
8.5
8.5
10.5
10.5
11.0
9.5
13.5
11.5
10.0
11.0
14.5
17.5
10.5
11.5
11.0
11.5
12.0
10.0
8.5
8.0
9.0
9.5
14.5
16.0
11.5
7.0
15.0
13.0
10.0
7.0
7.5
8.5
6.5
7.5
7.5
8.5
11.5
11.5
7.5
10.0
8.0
9.5
10.5
8.0
13.0
7.5
9.0
6.5
8.0
11.5
10.0
9.0
12.0
9.0
8.5
14.0
9.5
7.5
6.0
9.0
8.5
8.5
6.5
6.0
10.0
10.0
8.0
8.5
8.5
8.5
5.5
7.0
8.0
7.0
7.5
7.0
7.5
8.0
7.0
6.0
8.0
8.5
7.5
8.5
7.5
9.0
11.5
11.0
11.0
11.0
9.5
8.5
12.0
10.0
11.0
11.0
11.5
9.0
9.5
17.5
12.0
9.5
9.5
11.0
12.5
9.0
7.0
11.5
7.5
6.0
8.0
8.5
8.0
8.5
9.0
13.5
12.0
7.0
9.0
7.5
7.5
9.0
6.5
10.0
11.5
9.0
7.5
10.0
25.0
7.5
6.5
9.0
8.0
11.0
16.0
7.5
7.5
8.0
6.5
7.5
10.5
8.5
12.5
9.0
8.5
6.5
5.5
7.0
9.0
8.5
7.5
8.0
5.5
7.0
7.5
6.0
6.5
6.0
9.0
7.5
7.5
8.5
9.0
7.0
8.0
6.5
8.0
8.5
7.0
7.0
11.0
12.0
10.5
10.0
10.0
9.0
9.5
11.0
13.0
10.5
17.0
14.0
22.5
11.5
13.0
13.0
10.5
12.5
8.5
10.5
12.0
8.5
9.0
10.0
7.0
10.0
21.5
9.5
12.5
9.0
15.0
8.5
9.5
8.5
9.5
8.0
10.0
10.0
10.0
9.5
9.5
10.5
9.0
9.0
10.0
17.5
8.5
8.5
18.0
11.0
10.0
8.0
7.5
8.5
9.5
12.0
9.5
10.0
10.0
6.0
7.0
6.5
7.5
10.5
8.0
11.0
12.5
9.5
8.0
7.5
7.5
8.5
6.0
11.5
5.5
7.0
6.5
7.0
8.0
5.0
7.0
7.5
7.0
6.5
5.5
6.0
8.0
7.0
7.0
11.0
10.5
9.5
10.5
13.0
11.0
9.0
15.0
10.0
10.5
10.0
11.5
11.5
14.0
12.0
11.5
13.0
14.0
6.5
15.5
8.5
12.0
8.0
9.0
7.5
7.0
8.5
9.5
8.5
12.5
7.5
7.5
7.5
7.0
10.5
5.0
7.0
8.5
7.5
10.0
8.0
11.0
9.0
10.0
8.0
6.5
9.0
21.5
19.5
7.0
7.5
12.5
8.0
9.5
14.5
13.5
11.5
11.5
10.0
9.5
10.5
9.0
8.0
11.0
6.5
8.5
12.0
11.5
11.0
10.0
9.0
6.0
9.5
11.0
12.5
7.0
9.5
10.5
9.0
9.5
10.5
11.0
11.0
7.0
6.5
5.5
8.0
9.5
7.5
7.0
7.0
6.0
11.0
8.5
6.5
8.5
8.5
9.0
5.5
6.5
7.5
7.5
7.0
7.5
7.5
6.5
8.5
6.5
7.0
9.0
9.0
6.5
7.0
7.0
8.0
7.0
9.0
5.5
6.0
7.0
8.0
6.5
6.5
7.0
11.0
10.0
6.0
8.0
9.5
7.5
9.5
7.5
11.5
11.0
7.5
12.0
10.0
7.5
11.0
9.5
12.5
8.5
7.5
11.5
9.0
7.0
9.0
11.5
9.5
8.5
10.0
10.0
10.5
11.5
8.0
7.5
9.0
10.0
9.5
9.5
10.5
12.5
9.5
8.0
8.5
11.5
9.0
8.5
8.5
11.0
8.5
11.0
7.5
10.5
9.5
14.5
8.5
8.5
9.0
11.0
7.5
10.5
12.0
7.0
13.0
10.5
14.0
18.0
7.0
17.5
10.5
11.0
9.5
14.0
12.5
12.5
13.0
10.0
8.0
8.0
7.5
7.5
11.0
8.0
10.5
10.5
6.0
7.5
13.5
11.0
11.0
7.5
7.0
9.5
8.0
8.5
7.0
7.5
8.5
13.0
9.0
6.5
16.5
11.5
8.5
6.5
6.5
6.5
8.5
8.0
7.0
8.0
6.0
6.0
6.5
8.0
6.5
8.5
5.5
7.0
8.0
8.0
7.5
7.5
8.0
7.0
6.5
8.0
6.5
6.5
10.0
7.5
6.0
6.0
6.5
9.0
7.5
7.0
14.0
9.5
7.5
7.0
7.0
6.5
10.0
10.5
9.5
8.0
9.0
6.5
10.0
11.0
11.5
11.0
9.0
8.5
9.5
10.5
12.0
10.0
7.5
9.0
10.5
10.5
11.0
10.0
8.0
8.0
10.5
12.0
7.0
10.5
12.5
16.0
11.0
12.0
12.0
8.5
5.5
12.0
9.5
8.5
11.5
7.5
8.0
10.5
9.5
7.5
9.0
10.0
7.5
7.0
10.0
10.0
12.5
13.5
8.5
14.5
8.5
9.5
12.0
10.0
11.0
8.5
7.5
8.5
10.0
12.5
8.5
9.0
9.5
12.5
13.0
7.5
9.0
8.5
10.0
9.5
8.5
7.0
10.0
10.5
6.0
8.5
7.0
9.0
7.0
8.5
9.0
8.5
10.5
12.5
6.0
7.0
8.0
13.0
12.5
12.0
8.5
8.5
7.5
8.5
9.5
9.0
7.5
7.0
8.5
8.0
5.5
6.5
7.5
8.0
7.0
10.0
7.0
7.5
9.0
6.5
7.0
7.5
7.0
8.5
10.0
7.0
7.0
5.5
8.0
9.5
9.0
11.5
8.5
13.5
14.5
13.0
12.0
12.0
21.5
8.0
16.5
12.5
14.0
11.5
10.0
21.5
9.5
28.0
16.0
12.5
12.0
9.0
17.5
18.0
14.5
17.0
13.0
23.0
15.0
14.5
10.5
8.5
16.5
10.5
16.5
16.5
21.5
11.5
7.5
10.5
17.0
9.5
9.5
10.0
14.5
14.5
12.5
15.5
11.0
13.0
12.0
15.0
11.5
8.5
6.5
11.0
12.0
8.0
9.5
12.0
11.5
8.5
10.0
8.5
7.5
12.0
10.0
9.5
9.5
10.0
7.0
8.5
8.5
10.0
7.5
8.5
7.5
9.5
11.5
9.0
8.0
11.5
8.5
7.0
9.5
11.5
9.5
6.5
12.0
10.0
7.0
10.5
9.0
12.0
10.0
9.5
9.0
10.0
15.5
7.5
10.5
9.5
8.5
8.5
11.5
12.5
7.0
9.0
11.0
11.5
10.0
15.5
9.5
11.0
9.0
9.0
10.5
7.5
11.0
9.0
9.5
7.5
10.5
9.5
8.5
7.5
6.0
6.0
10.0
8.0
7.0
11.0
7.5
13.5
9.5
9.5
8.5
15.0
11.5
13.5
7.5
7.5
8.5
8.0
15.5
10.5
8.0
11.0
12.0
12.5
8.0
8.0
7.5
9.0
10.0
8.0
8.0
8.0
6.5
6.5
5.0
6.5
5.5
7.0
9.0
8.5
7.5
6.0
8.5
6.0
5.0
7.0
9.5
9.5
7.5
10.0
7.0
5.5
7.0
9.0
5.5
9.5
6.0
6.5
10.5
11.0
8.0
7.0
10.5
12.0
14.5
11.5
14.5
14.5
17.0
15.5
11.5
15.5
15.5
14.0
15.5
11.0
11.5
10.0
16.5
14.0
16.0
13.0
14.0
11.0
16.5
12.0
12.5
12.0
13.0
13.0
12.0
16.0
11.0
12.5
14.0
14.5
10.0
10.5
11.5
11.5
9.5
13.0
8.5
15.0
8.0
10.0
12.0
8.5
10.5
8.5
13.5
12.0
9.0
9.5
8.0
9.0
9.0
12.0
10.5
7.5
9.0
7.5
12.5
10.5
10.5
8.5
11.0
9.5
9.5
8.5
11.5
12.0
11.5
13.5
9.0
10.0
8.5
12.0
12.0
7.0
8.5
13.5
10.0
14.5
10.5
13.0
10.5
17.5
8.5
6.5
8.0
13.5
9.0
9.0
13.0
12.5
6.5
9.5
11.0
7.0
9.0
9.5
8.5
12.5
10.0
9.5
6.5
9.0
12.0
11.0
10.5
9.0
9.0
12.0
9.5
7.5
11.0
11.0
10.0
17.0
9.0
7.0
12.0
8.5
8.5
9.0
9.0
9.0
8.0
10.0
8.0
8.5
9.5
9.5
12.5
7.0
7.5
9.0
10.0
8.0
9.5
8.0
9.5
8.0
9.0
9.0
5.5
9.5
6.0
8.0
9.5
9.5
9.0
6.0
6.5
8.0
6.0
8.0
9.0
6.0
6.5
5.5
9.0
7.5
5.5
6.0
5.5
6.5
5.0
8.5
10.0
7.5
8.5
12.0
10.0
11.0
10.5
10.0
8.0
10.0
10.0
12.0
10.0
11.5
8.0
11.0
9.5
11.0
