  13738 237.0
  13519 236.0
  12997 161.0
  11526 162.0
   9498 170.0
   9362 230.0
   9355 186.0
   9140 234.0
   8786 142.0
   8217 48.0
   7682 163.0
   7257 239.0
   7169 141.0
   6789 132.0
   6518 107.0
   6352 164.0
   6259 138.0
   6213 264.0
   6168 140.0
   6157 238.0
   5976 68.0
   5927 100.0
   5619 79.0
   5568 229.0
   5403 263.0
   4883 249.0
   4767 231.0
   4573 90.0
   4177 113.0
   3909 43.0
   3718 246.0
   3713 233.0
   3708 262.0
   3593 137.0
   3560 143.0
   2924 114.0
   2575 13.0
   2438 151.0
   2211 158.0
   2141 75.0
   2118 148.0
   2106 50.0
   2104 144.0
   2039 87.0
   1831 211.0
   1476 125.0
   1363 166.0
   1352 261.0
   1185 88.0
    993 74.0
    924 41.0
    787 24.0
    537 45.0
    527 224.0
    516 209.0
    449 42.0
    436 4.0
    397 226.0
    357 7.0
    346 145.0
    330 232.0
    298 244.0
    288 33.0
    276 65.0
    271 116.0
    251 25.0
    239 152.0
    210 193.0
    200 97.0
    189 181.0
    175 52.0
    169 146.0
    127 179.0
    123 40.0
    123 256.0
    117 255.0
    117 223.0
    112 260.0
    110 10.0
    109 265.0
    102 66.0
     86 129.0
     77 12.0
     74 61.0
     70 49.0
     66 112.0
     63 80.0
     62 243.0
     59 89.0
     57 216.0
     56 76.0
     54 17.0
     53 82.0
     52 95.0
     52 188.0
     50 168.0
     49 130.0
     43 213.0
     42 196.0
     42 189.0
     39 39.0
     36 35.0
     36 225.0
     35 247.0
     34 37.0
     34 219.0
     34 14.0
     33 28.0
     33 215.0
     32 93.0
     31 62.0
     30 83.0
     30 69.0
     29 235.0
     29 191.0
     29 106.0
     27 205.0
     27 197.0
     26 72.0
     26 159.0
     25 70.0
     25 127.0
     24 228.0
     24 134.0
     23 91.0
     23 157.0
     23 123.0
     22 26.0
     22 165.0
     21 71.0
     21 51.0
     21 22.0
     21 177.0
     20 218.0
     20 217.0
     20 210.0
     20 207.0
     20 167.0
     19 259.0
     19 254.0
     19 169.0
     18 258.0
     18 220.0
     17 85.0
     16 29.0
     16 227.0
     16 149.0
     16 133.0
     15 92.0
     15 36.0
     15 150.0
     15 119.0
     14 77.0
     14 56.0
     14 200.0
     14 135.0
     13 180.0
     13 155.0
     12 222.0
     12 198.0
     12 126.0
     12 124.0
     11 67.0
     11 257.0
     11 194.0
     11 18.0
     11 174.0
     11 136.0
     10 81.0
     10 63.0
     10 32.0
     10 242.0
     10 208.0
     10 203.0
     10 19.0
     10 147.0
      9 98.0
      9 54.0
      9 241.0
      9 21.0
      9 202.0
      9 190.0
      9 16.0
      9 1.0
      8 60.0
      8 250.0
      8 160.0
      7 47.0
      7 195.0
      7 182.0
      7 175.0
      7 139.0
      7 131.0
      7 102.0
      7 101.0
      6 55.0
      6 38.0
      6 212.0
      6 178.0
      6 171.0
      6 121.0
      6 11.0
      6 108.0
      5 9.0
      5 86.0
      5 78.0
      5 53.0
      5 173.0
      4 94.0
      4 248.0
      4 185.0
      4 117.0
      3 8.0
      3 20.0
      3 15.0
      3 122.0
      2 64.0
      2 3.0
      2 240.0
      2 221.0
      2 206.0
      2 183.0
      2 154.0
      2 153.0
      1 96.0
      1 73.0
      1 6.0
      1 59.0
      1 58.0
      1 46.0
      1 44.0
      1 34.0
      1 214.0
      1 192.0
      1 187.0
      1 184.0
      1 156.0
      1 128.0
      1 115.0
