   8605 161.0
   8407 132.0
   8163 186.0
   8126 237.0
   7985 236.0
   7372 230.0
   7163 162.0
   6999 138.0
   6415 48.0
   6204 170.0
   5963 142.0
   5385 239.0
   5349 234.0
   5193 163.0
   5024 100.0
   4847 141.0
   4459 164.0
   4191 140.0
   4086 68.0
   3959 238.0
   3949 107.0
   3912 263.0
   3873 229.0
   3738 264.0
   3558 79.0
   3225 43.0
   3003 90.0
   2834 249.0
   2720 231.0
   2694 113.0
   2635 137.0
   2549 262.0
   2497 233.0
   2428 143.0
   1877 151.0
   1870 246.0
   1831 50.0
   1818 114.0
   1674 13.0
   1643 144.0
   1571 75.0
   1407 211.0
   1397 148.0
   1326 158.0
   1265 261.0
   1254 87.0
    858 166.0
    833 74.0
    827 125.0
    782 88.0
    662 41.0
    563 24.0
    445 224.0
    407 45.0
    367 209.0
    360 226.0
    345 42.0
    311 7.0
    284 4.0
    241 232.0
    231 65.0
    229 145.0
    219 181.0
    196 244.0
    194 116.0
    185 146.0
    177 193.0
    175 33.0
    172 25.0
    155 152.0
    147 97.0
    132 260.0
    119 12.0
    118 256.0
    106 179.0
    106 10.0
     95 66.0
     93 129.0
     83 40.0
     83 265.0
     79 82.0
     79 223.0
     72 52.0
     71 255.0
     60 93.0
     52 168.0
     51 61.0
     50 112.0
     49 216.0
     48 95.0
     47 76.0
     41 188.0
     41 17.0
     39 80.0
     39 243.0
     39 215.0
     38 37.0
     36 89.0
     35 49.0
     35 35.0
     35 28.0
     35 247.0
     35 130.0
     34 189.0
     33 106.0
     31 39.0
     28 72.0
     28 225.0
     28 219.0
     28 197.0
     28 1.0
     27 69.0
     27 228.0
     24 62.0
     24 51.0
     23 91.0
     22 210.0
     22 165.0
     22 14.0
     21 92.0
     21 70.0
     21 213.0
     21 196.0
     20 205.0
     20 134.0
     19 83.0
     19 235.0
     19 177.0
     19 157.0
     18 55.0
     18 26.0
     18 159.0
     17 56.0
     17 218.0
     17 124.0
     15 254.0
     15 242.0
     14 71.0
     14 220.0
     14 217.0
     14 198.0
     14 194.0
     14 191.0
     14 155.0
     14 127.0
     13 222.0
     13 169.0
     13 135.0
     13 123.0
     13 121.0
     12 85.0
     12 77.0
     12 259.0
     12 241.0
     12 22.0
     12 190.0
     11 257.0
     11 248.0
     11 202.0
     11 195.0
     10 81.0
     10 67.0
     10 60.0
     10 182.0
     10 174.0
     10 167.0
     10 149.0
     10 139.0
      9 36.0
      9 32.0
      9 212.0
      9 200.0
      9 160.0
      9 117.0
      8 21.0
      8 207.0
      8 185.0
      8 18.0
      8 16.0
      8 147.0
      8 136.0
      8 126.0
      7 94.0
      7 54.0
      7 29.0
      7 19.0
      7 180.0
      7 133.0
      7 131.0
      7 119.0
      7 101.0
      6 9.0
      6 78.0
      6 63.0
      6 53.0
      6 258.0
      6 227.0
      6 178.0
      6 102.0
      5 250.0
      5 208.0
      5 183.0
      5 173.0
      5 150.0
      4 98.0
      4 86.0
      4 59.0
      4 47.0
      4 38.0
      4 20.0
      4 153.0
      4 15.0
      4 11.0
      3 57.0
      3 175.0
      3 171.0
      3 108.0
      2 96.0
      2 6.0
      2 34.0
      2 3.0
      2 252.0
      2 203.0
      2 115.0
      1 8.0
      1 73.0
      1 64.0
      1 58.0
      1 5.0
      1 44.0
      1 31.0
      1 253.0
      1 240.0
      1 23.0
      1 221.0
      1 192.0
      1 184.0
      1 154.0
      1 122.0
      1 120.0
      1 111.0
